PRICE = -1559.5071382918784 * departure_time + -2179.3784263975112 * stops + -1930.0189115394494 * arrival_time + 36188.17790280188 * class + 181.49195627161146 * duration + -244.07645583875473 * days_left + -4661.205429984143
Training Time: 42.894362449645996 s

Logs:
MSE: 91365729.46107313
RMSE: 9558.542224684323
MAE: 6970.613914642234
R2: 0.8229814848443464